[]
[]
[]
[]
[]
[]
[]
[]
[]
[]
[]
[]
[]
[]
[]
[]
[]
[]
[]
[[0.5927083492279053, 0.8740741014480591, 0.05416666716337204, 0.08518518507480621, 0.68123459815979, 0]]
[[0.5947916507720947, 0.855555534362793, 0.0520833320915699, 0.08518518507480621, 0.7328962087631226, 0]]
[[0.59375, 0.8083333373069763, 0.05624999850988388, 0.09444444626569748, 0.7959586977958679, 0]]
[[0.589062511920929, 0.7972221970558167, 0.0572916679084301, 0.10185185074806213, 0.7721592783927917, 0]]
[[0.596875011920929, 0.739814817905426, 0.05624999850988388, 0.10555555671453476, 0.810073971748352, 0]]
[[0.6057291626930237, 0.7166666388511658, 0.0572916679084301, 0.10370370000600815, 0.8251786828041077, 0]]
[[0.6234375238418579, 0.6990740895271301, 0.05937499925494194, 0.10555555671453476, 0.8252364993095398, 0]]
[[0.6270833611488342, 0.6833333373069763, 0.05624999850988388, 0.10000000149011612, 0.817905843257904, 0]]
[[0.637499988079071, 0.6287037134170532, 0.05833333358168602, 0.08703703433275223, 0.8277134299278259, 0]]
[[0.643750011920929, 0.6064814925193787, 0.05624999850988388, 0.09814814478158951, 0.8219226002693176, 0]]
[[0.6479166746139526, 0.5712962746620178, 0.05624999850988388, 0.09814814478158951, 0.8262321949005127, 0]]
[[0.6479166746139526, 0.550000011920929, 0.05416666716337204, 0.10000000149011612, 0.816384494304657, 0]]
[[0.6182291507720947, 0.5212963223457336, 0.05520833283662796, 0.09814814478158951, 0.8162122964859009, 0]]
[[0.6078125238418579, 0.47685185074806213, 0.0572916679084301, 0.09444444626569748, 0.8416365385055542, 0]]
[[0.6020833253860474, 0.4546296298503876, 0.05624999850988388, 0.09074074029922485, 0.8164494037628174, 0]]
[[0.6036458611488342, 0.4342592656612396, 0.0572916679084301, 0.09814814478158951, 0.8503587245941162, 0]]
[[0.5958333611488342, 0.4046296179294586, 0.05833333358168602, 0.10555555671453476, 0.808570921421051, 0]]
[[0.5864583253860474, 0.4000000059604645, 0.05833333358168602, 0.1111111119389534, 0.8342671394348145, 0]]
[[0.5822916626930237, 0.36944442987442017, 0.05833333358168602, 0.09814814478158951, 0.8269977569580078, 0]]
[[0.5838541388511658, 0.33981481194496155, 0.0572916679084301, 0.10185185074806213, 0.8260983824729919, 0]]
[[0.5744791626930237, 0.27222222089767456, 0.05104166641831398, 0.10000000149011612, 0.7998205423355103, 0]]
[[0.5494791865348816, 0.2490740716457367, 0.05104166641831398, 0.09444444626569748, 0.6021079421043396, 0]]
[[0.5406249761581421, 0.21666666865348816, 0.0520833320915699, 0.10000000149011612, 0.5642861127853394, 0], [0.6802083253860474, 0.8574073910713196, 0.05000000074505806, 0.08888889104127884, 0.7789977788925171, 0]]
[[0.6791666746139526, 0.8462963104248047, 0.05000000074505806, 0.08888889104127884, 0.7342852354049683, 0], [0.5291666388511658, 0.1953703761100769, 0.06041666492819786, 0.09814814478158951, 0.8295544385910034, 0]]
[[0.6723958253860474, 0.8166666626930237, 0.05104166641831398, 0.09259258955717087, 0.7865975499153137, 0], [0.520312488079071, 0.17592592537403107, 0.06354166567325592, 0.09259258955717087, 0.7975144982337952, 0]]
[[0.515625, 0.15925925970077515, 0.06458333134651184, 0.09259258955717087, 0.5657068490982056, 0], [0.6786458492279053, 0.7870370149612427, 0.0572916679084301, 0.10000000149011612, 0.8394894003868103, 0]]
[[0.6697916388511658, 0.7611111402511597, 0.05416666716337204, 0.10000000149011612, 0.8194603323936462, 0], [0.504687488079071, 0.09074074029922485, 0.05937499925494194, 0.09259258955717087, 0.8227513432502747, 0]]
[[0.6546875238418579, 0.7425925731658936, 0.0572916679084301, 0.10370370000600815, 0.8345333933830261, 0], [0.4937500059604645, 0.04259259253740311, 0.05624999850988388, 0.08148147910833359, 0.8372742533683777, 0]]
[[0.6489583253860474, 0.7231481671333313, 0.05833333358168602, 0.10185185074806213, 0.8329683542251587, 0], [0.4911458194255829, 0.04444444552063942, 0.06145833432674408, 0.08518518507480621, 0.8473676443099976, 0]]
[[0.4833333194255829, 0.032407406717538834, 0.05624999850988388, 0.05740740895271301, 0.7859765291213989, 0], [0.6416666507720947, 0.7092592716217041, 0.05624999850988388, 0.0962962955236435, 0.8367249965667725, 0]]
[[0.6369791626930237, 0.6925926208496094, 0.05312500149011612, 0.0962962955236435, 0.8472722768783569, 0]]
[[0.6151041388511658, 0.6685185432434082, 0.05937499925494194, 0.09259258955717087, 0.839787483215332, 0]]
[[0.598437488079071, 0.6564815044403076, 0.06145833432674408, 0.10555555671453476, 0.827151358127594, 0]]
[[0.5078125, 0.9231481552124023, 0.05937499925494194, 0.08703703433275223, 0.6641157269477844, 0], [0.5822916626930237, 0.6259258985519409, 0.0625, 0.10000000149011612, 0.8308119177818298, 0]]
[[0.4885416626930237, 0.8805555701255798, 0.0625, 0.08703703433275223, 0.8003609776496887, 0], [0.5479166507720947, 0.6064814925193787, 0.0625, 0.09444444626569748, 0.8174841403961182, 0]]
[[0.4713541567325592, 0.8425925970077515, 0.06354166567325592, 0.09259258955717087, 0.7857338786125183, 0], [0.5328124761581421, 0.5879629850387573, 0.06354166567325592, 0.09814814478158951, 0.8165504932403564, 0]]
[[0.46302083134651184, 0.800000011920929, 0.06562499701976776, 0.10000000149011612, 0.8045320510864258, 0], [0.5276041626930237, 0.5620370507240295, 0.06145833432674408, 0.11296296119689941, 0.817979633808136, 0]]
[[0.45520833134651184, 0.7611111402511597, 0.05624999850988388, 0.10370370000600815, 0.8184182047843933, 0], [0.5458333492279053, 0.5120370388031006, 0.05833333358168602, 0.10555555671453476, 0.829058051109314, 0]]
[[0.5447916388511658, 0.46666666865348816, 0.05624999850988388, 0.10370370000600815, 0.8109924793243408, 0], [0.4583333432674408, 0.7120370268821716, 0.05416666716337204, 0.09814814478158951, 0.8241534233093262, 0]]
[[0.5411458611488342, 0.41111111640930176, 0.05937499925494194, 0.10740740597248077, 0.783786416053772, 0], [0.45625001192092896, 0.6777777671813965, 0.05624999850988388, 0.10000000149011612, 0.821260929107666, 0]]
[[0.546875, 0.36666667461395264, 0.06041666492819786, 0.10370370000600815, 0.817013144493103, 0], [0.4583333432674408, 0.6314814686775208, 0.05624999850988388, 0.10370370000600815, 0.8214410543441772, 0]]
[[0.46562498807907104, 0.5833333134651184, 0.0520833320915699, 0.10370370000600815, 0.7992442846298218, 0], [0.5302083492279053, 0.31111112236976624, 0.05624999850988388, 0.09259258955717087, 0.819340705871582, 0]]
[[0.46302083134651184, 0.5351851582527161, 0.0572916679084301, 0.10370370000600815, 0.8055432438850403, 0], [0.5114583373069763, 0.27037036418914795, 0.06041666492819786, 0.10000000149011612, 0.8469544053077698, 0]]
[[0.4166666567325592, 0.845370352268219, 0.05624999850988388, 0.09444444626569748, 0.7961959838867188, 0], [0.46041667461395264, 0.48055556416511536, 0.06458333134651184, 0.10925926268100739, 0.8320189118385315, 0], [0.5098958611488342, 0.21481481194496155, 0.06354166567325592, 0.10740740597248077, 0.8475727438926697, 0]]
[[0.4937500059604645, 0.13518518209457397, 0.05833333358168602, 0.0962962955236435, 0.7767925262451172, 0], [0.41197916865348816, 0.824999988079071, 0.05520833283662796, 0.09814814478158951, 0.8091632127761841, 0], [0.44999998807907104, 0.4268518388271332, 0.06458333134651184, 0.09814814478158951, 0.8162809014320374, 0]]
[[0.41718751192092896, 0.800000011920929, 0.05104166641831398, 0.10000000149011612, 0.8180432319641113, 0], [0.4807291626930237, 0.09814814478158951, 0.05937499925494194, 0.10000000149011612, 0.8278768658638, 0], [0.44322916865348816, 0.3861111104488373, 0.06979166716337204, 0.10185185074806213, 0.8540378212928772, 0]]
[[0.41979166865348816, 0.7768518328666687, 0.0520833320915699, 0.09814814478158951, 0.8123731017112732, 0], [0.48385417461395264, 0.043518517166376114, 0.0572916679084301, 0.0833333358168602, 0.8369653820991516, 0], [0.4286458194255829, 0.34166666865348816, 0.05937499925494194, 0.09814814478158951, 0.8506430983543396, 0]]
[[0.47968751192092896, 0.028703704476356506, 0.05937499925494194, 0.05740740895271301, 0.6488200426101685, 0], [0.4192708432674408, 0.3203703761100769, 0.06354166567325592, 0.10740740597248077, 0.8230404257774353, 0], [0.4296875, 0.7537037134170532, 0.0572916679084301, 0.10740740597248077, 0.832551121711731, 0]]
[[0.44062501192092896, 0.7222222089767456, 0.0520833320915699, 0.10000000149011612, 0.8301721811294556, 0], [0.4114583432674408, 0.2944444417953491, 0.05416666716337204, 0.0962962955236435, 0.8341223001480103, 0]]
[[0.45260417461395264, 0.6925926208496094, 0.05520833283662796, 0.10370370000600815, 0.796372652053833, 0], [0.40572917461395264, 0.27314814925193787, 0.05104166641831398, 0.10185185074806213, 0.855139434337616, 0]]
[[0.39114582538604736, 0.22685185074806213, 0.05520833283662796, 0.10185185074806213, 0.852436900138855, 0]]
[[0.38229167461395264, 0.22777777910232544, 0.05624999850988388, 0.0962962955236435, 0.8321757316589355, 0]]
[[0.3838541805744171, 0.1935185194015503, 0.05937499925494194, 0.10555555671453476, 0.8554346561431885, 0]]
[[0.4828124940395355, 0.6000000238418579, 0.04895833507180214, 0.09259258955717087, 0.6295744180679321, 0], [0.6166666746139526, 0.8666666746139526, 0.0520833320915699, 0.08888889104127884, 0.7200103998184204, 0], [0.3776041567325592, 0.19629628956317902, 0.06145833432674408, 0.1111111119389534, 0.7806824445724487, 0]]
[[0.625, 0.8194444179534912, 0.05624999850988388, 0.09814814478158951, 0.7781241536140442, 0], [0.35989582538604736, 0.1398148089647293, 0.05520833283662796, 0.09814814478158951, 0.8170762062072754, 0], [0.4911458194255829, 0.5814814567565918, 0.05312500149011612, 0.0962962955236435, 0.8238770365715027, 0]]
[[0.6270833611488342, 0.7648147940635681, 0.05833333358168602, 0.10740740597248077, 0.817546546459198, 0], [0.49270832538604736, 0.5675926208496094, 0.05000000074505806, 0.09444444626569748, 0.8175725340843201, 0], [0.35989582538604736, 0.125, 0.05520833283662796, 0.08703703433275223, 0.8335826396942139, 0]]
[[0.5041666626930237, 0.5453703999519348, 0.04791666567325592, 0.09074074029922485, 0.7287925481796265, 0], [0.36770832538604736, 0.0962962955236435, 0.05624999850988388, 0.09259258955717087, 0.8297382593154907, 0], [0.6312500238418579, 0.7324073910713196, 0.05624999850988388, 0.10555555671453476, 0.8326149582862854, 0]]
[[0.36510416865348816, 0.06388889253139496, 0.0572916679084301, 0.09074074029922485, 0.8093571662902832, 0], [0.5182291865348816, 0.5277777910232544, 0.0572916679084301, 0.10370370000600815, 0.8290647864341736, 0], [0.6244791746139526, 0.6990740895271301, 0.05520833283662796, 0.10185185074806213, 0.8354690670967102, 0]]
[[0.3661458194255829, 0.049074072390794754, 0.0572916679084301, 0.09074074029922485, 0.7316160202026367, 0], [0.5192708373069763, 0.5064814686775208, 0.05937499925494194, 0.10555555671453476, 0.8054841160774231, 0], [0.6276041865348816, 0.6592592597007751, 0.0572916679084301, 0.1111111119389534, 0.8250607252120972, 0]]
[[0.5119791626930237, 0.48055556416511536, 0.05312500149011612, 0.11296296119689941, 0.7966710925102234, 0], [0.6223958134651184, 0.6268518567085266, 0.05520833283662796, 0.10555555671453476, 0.8077219724655151, 0]]
[[0.5104166865348816, 0.4555555582046509, 0.05833333358168602, 0.1111111119389534, 0.810910165309906, 0], [0.609375, 0.5842592716217041, 0.05416666716337204, 0.10555555671453476, 0.838295578956604, 0]]
[[0.5140625238418579, 0.43518519401550293, 0.05312500149011612, 0.11481481790542603, 0.7916820049285889, 0], [0.6083333492279053, 0.5444444417953491, 0.05416666716337204, 0.1111111119389534, 0.8293269276618958, 0]]
[[0.520312488079071, 0.41018518805503845, 0.05520833283662796, 0.10925926268100739, 0.8033336400985718, 0], [0.6135416626930237, 0.5064814686775208, 0.0520833320915699, 0.10925926268100739, 0.8179228901863098, 0]]
[[0.5135416388511658, 0.3861111104488373, 0.05833333358168602, 0.10555555671453476, 0.8112884759902954, 0], [0.614062488079071, 0.46666666865348816, 0.05312500149011612, 0.10370370000600815, 0.830481231212616, 0]]
[[0.5234375, 0.3592592477798462, 0.05520833283662796, 0.08888889104127884, 0.8038691282272339, 0], [0.606249988079071, 0.42592594027519226, 0.05416666716337204, 0.09259258955717087, 0.8278762698173523, 0]]
[[0.3942708373069763, 0.9203703999519348, 0.046875, 0.07407407462596893, 0.3625658452510834, 0], [0.4791666567325592, 0.8879629373550415, 0.05416666716337204, 0.09444444626569748, 0.7353120446205139, 0], [0.5307291746139526, 0.3453703820705414, 0.05312500149011612, 0.09814814478158951, 0.8197136521339417, 0], [0.5994791388511658, 0.4018518626689911, 0.05520833283662796, 0.0962962955236435, 0.8217312693595886, 0]]
[[0.3968749940395355, 0.894444465637207, 0.04374999925494194, 0.07777778059244156, 0.2881649136543274, 0], [0.4807291626930237, 0.8444444537162781, 0.05312500149011612, 0.08888889104127884, 0.7930137515068054, 0], [0.5385416746139526, 0.3212963044643402, 0.05833333358168602, 0.10185185074806213, 0.7987771034240723, 0], [0.598437488079071, 0.37037035822868347, 0.0572916679084301, 0.10000000149011612, 0.804854154586792, 0]]
[[0.4078125059604645, 0.8759258985519409, 0.04270833358168602, 0.08888889104127884, 0.5754172205924988, 0], [0.47604167461395264, 0.8129629492759705, 0.05416666716337204, 0.10000000149011612, 0.7884978652000427, 0], [0.5427083373069763, 0.27222222089767456, 0.05000000074505806, 0.10000000149011612, 0.7891124486923218, 0], [0.5901041626930237, 0.3324074149131775, 0.04895833507180214, 0.09074074029922485, 0.7943710684776306, 0]]
[[0.550000011920929, 0.260185182094574, 0.0625, 0.11296296119689941, 0.6815667152404785, 0], [0.5041666626930237, 0.7805555462837219, 0.0520833320915699, 0.11296296119689941, 0.7050274014472961, 0], [0.5718749761581421, 0.29629629850387573, 0.05833333358168602, 0.10370370000600815, 0.722303032875061, 0], [0.40937501192092896, 0.8444444537162781, 0.05000000074505806, 0.08888889104127884, 0.8050714135169983, 0]]
[[0.5348958373069763, 0.7277777791023254, 0.046875, 0.0962962955236435, 0.6975264549255371, 0], [0.5630208253860474, 0.24259258806705475, 0.05520833283662796, 0.10740740597248077, 0.7201276421546936, 0], [0.4124999940395355, 0.8129629492759705, 0.05000000074505806, 0.09259258955717087, 0.802238941192627, 0]]
[[0.5697916746139526, 0.22777777910232544, 0.05624999850988388, 0.10370370000600815, 0.7505159974098206, 0], [0.4203124940395355, 0.7916666865348816, 0.046875, 0.09814814478158951, 0.8127433657646179, 0]]
[[0.5317708253860474, 0.182407408952713, 0.06354166567325592, 0.11296296119689941, 0.43495652079582214, 0], [0.5687500238418579, 0.6259258985519409, 0.04791666567325592, 0.10000000149011612, 0.6937285661697388, 0], [0.42135417461395264, 0.7555555701255798, 0.04270833358168602, 0.09259258955717087, 0.7866356372833252, 0]]
[[0.5557291507720947, 0.19722221791744232, 0.0572916679084301, 0.10185185074806213, 0.4980010688304901, 0], [0.5921875238418579, 0.5870370268821716, 0.05312500149011612, 0.10740740597248077, 0.7502760887145996, 0], [0.41458332538604736, 0.720370352268219, 0.04791666567325592, 0.08888889104127884, 0.8061829805374146, 0], [0.5067708492279053, 0.10925926268100739, 0.06145833432674408, 0.0962962955236435, 0.8062301278114319, 0]]
[[0.6947916746139526, 0.9120370149612427, 0.04791666567325592, 0.07962962985038757, 0.6313744783401489, 0], [0.5546875, 0.16296295821666718, 0.05520833283662796, 0.10000000149011612, 0.7500127553939819, 0], [0.604687511920929, 0.5425925850868225, 0.05104166641831398, 0.10370370000600815, 0.7888730764389038, 0], [0.5010416507720947, 0.08888889104127884, 0.05833333358168602, 0.10740740597248077, 0.8087369799613953, 0], [0.40937501192092896, 0.6833333373069763, 0.05000000074505806, 0.0962962955236435, 0.823542594909668, 0]]
[[0.5583333373069763, 0.16203702986240387, 0.04583333432674408, 0.10555555671453476, 0.5989777445793152, 0], [0.6937500238418579, 0.8898147940635681, 0.04791666567325592, 0.0833333358168602, 0.6954603791236877, 0], [0.6041666865348816, 0.5064814686775208, 0.0520833320915699, 0.10185185074806213, 0.7840792536735535, 0], [0.4973958432674408, 0.04722222313284874, 0.05937499925494194, 0.08703703433275223, 0.7891557216644287, 0], [0.4078125059604645, 0.6490740776062012, 0.0572916679084301, 0.09814814478158951, 0.8216899037361145, 0]]
[[0.6880208253860474, 0.8601852059364319, 0.046875, 0.09814814478158951, 0.42756387591362, 0], [0.4854166805744171, 0.040740739554166794, 0.05416666716337204, 0.08148147910833359, 0.8141998052597046, 0], [0.6156250238418579, 0.47685185074806213, 0.0520833320915699, 0.09814814478158951, 0.8322998881340027, 0], [0.4010416567325592, 0.6092592477798462, 0.04791666567325592, 0.10000000149011612, 0.8512639999389648, 0]]
[[0.47968751192092896, 0.03981481492519379, 0.05312500149011612, 0.07222222536802292, 0.6372783184051514, 0], [0.6890624761581421, 0.8259259462356567, 0.04895833507180214, 0.0962962955236435, 0.668957531452179, 0], [0.6291666626930237, 0.4305555522441864, 0.04583333432674408, 0.09814814478158951, 0.7907723188400269, 0], [0.39791667461395264, 0.574999988079071, 0.05000000074505806, 0.11296296119689941, 0.8364228010177612, 0]]
[[0.6822916865348816, 0.8064814805984497, 0.05000000074505806, 0.09814814478158951, 0.7895529270172119, 0], [0.4020833373069763, 0.5509259104728699, 0.0520833320915699, 0.10185185074806213, 0.7968531250953674, 0], [0.629687488079071, 0.3777777850627899, 0.04895833507180214, 0.09259258955717087, 0.822228193283081, 0]]
[[0.4072916805744171, 0.5046296119689941, 0.05833333358168602, 0.10555555671453476, 0.8231981992721558, 0], [0.6229166388511658, 0.34351852536201477, 0.0520833320915699, 0.09074074029922485, 0.8271726965904236, 0]]
[[0.6208333373069763, 0.317592591047287, 0.05416666716337204, 0.10925926268100739, 0.8010610938072205, 0], [0.39895832538604736, 0.4749999940395355, 0.05624999850988388, 0.11296296119689941, 0.8360649943351746, 0]]
[[0.6197916865348816, 0.2750000059604645, 0.0520833320915699, 0.09814814478158951, 0.7591122388839722, 0], [0.3916666805744171, 0.43796294927597046, 0.05833333358168602, 0.10555555671453476, 0.8395732045173645, 0]]
[[0.5994791388511658, 0.22870370745658875, 0.06145833432674408, 0.10185185074806213, 0.5828521251678467, 0], [0.4000000059604645, 0.39537036418914795, 0.06041666492819786, 0.10925926268100739, 0.8312849998474121, 0]]
[[0.6557291746139526, 0.7518518567085266, 0.05520833283662796, 0.1111111119389534, 0.8186356425285339, 0], [0.4151041805744171, 0.35462963581085205, 0.05937499925494194, 0.11296296119689941, 0.8345234394073486, 0]]
[[0.5473958253860474, 0.05925925821065903, 0.05104166641831398, 0.0962962955236435, 0.3561015725135803, 0], [0.6067708134651184, 0.15555556118488312, 0.0572916679084301, 0.10740740597248077, 0.7872157096862793, 0], [0.6442708373069763, 0.7435185313224792, 0.05937499925494194, 0.11296296119689941, 0.8008406162261963, 0], [0.4182291626930237, 0.3166666626930237, 0.05520833283662796, 0.10740740597248077, 0.8324645757675171, 0]]
[[0.6401041746139526, 0.7194444537162781, 0.05937499925494194, 0.10185185074806213, 0.5464270114898682, 0], [0.40156251192092896, 0.2611111104488373, 0.05104166641831398, 0.10370370000600815, 0.6866155862808228, 0]]
[[0.6302083134651184, 0.18333333730697632, 0.05416666716337204, 0.10740740597248077, 0.3360135853290558, 0], [0.6317708492279053, 0.6768518686294556, 0.05937499925494194, 0.10185185074806213, 0.6530171632766724, 0], [0.39791667461395264, 0.2212962955236435, 0.05416666716337204, 0.10185185074806213, 0.8063306212425232, 0]]
[[0.4078125059604645, 0.19074073433876038, 0.05104166641831398, 0.08888889104127884, 0.6863583922386169, 0], [0.6156250238418579, 0.6703703999519348, 0.04583333432674408, 0.10740740597248077, 0.8231514692306519, 0]]
[[0.4010416567325592, 0.1388888955116272, 0.05416666716337204, 0.08888889104127884, 0.7679710388183594, 0], [0.604687511920929, 0.6416666507720947, 0.05104166641831398, 0.10185185074806213, 0.8473750352859497, 0]]
[[0.39114582538604736, 0.13425925374031067, 0.0572916679084301, 0.0833333358168602, 0.8269405364990234, 0], [0.6052083373069763, 0.614814817905426, 0.05624999850988388, 0.10370370000600815, 0.8480027318000793, 0]]
[[0.6072916388511658, 0.5935184955596924, 0.05416666716337204, 0.10185185074806213, 0.8448206186294556, 0], [0.3776041567325592, 0.1111111119389534, 0.05520833283662796, 0.08888889104127884, 0.8625413179397583, 0]]
[[0.3713541626930237, 0.08796296268701553, 0.05312500149011612, 0.09074074029922485, 0.8285843133926392, 0], [0.6041666865348816, 0.5777778029441833, 0.04791666567325592, 0.0962962955236435, 0.8566160798072815, 0]]
[[0.3687500059604645, 0.05462963134050369, 0.05416666716337204, 0.09444444626569748, 0.3412531912326813, 0], [0.5942708253860474, 0.5518518686294556, 0.046875, 0.0962962955236435, 0.843744158744812, 0]]
[[0.3609375059604645, 0.04722222313284874, 0.0572916679084301, 0.0833333358168602, 0.8276505470275879, 0], [0.589062511920929, 0.5416666865348816, 0.05520833283662796, 0.10555555671453476, 0.8468536138534546, 0]]
[[0.5911458134651184, 0.5138888955116272, 0.05312500149011612, 0.10555555671453476, 0.8191743493080139, 0], [0.35468751192092896, 0.043518517166376114, 0.0572916679084301, 0.07592592388391495, 0.8540617823600769, 0]]
[[0.3479166626930237, 0.04259259253740311, 0.05416666716337204, 0.07777778059244156, 0.6957178711891174, 0], [0.5807291865348816, 0.5037037134170532, 0.0572916679084301, 0.10740740597248077, 0.8332203030586243, 0]]
[[0.5682291388511658, 0.4851851761341095, 0.0572916679084301, 0.10370370000600815, 0.8300752639770508, 0]]
[[0.5661458373069763, 0.46481481194496155, 0.05937499925494194, 0.1111111119389534, 0.8154585957527161, 0]]
[[0.5552083253860474, 0.4342592656612396, 0.0625, 0.11296296119689941, 0.8384522199630737, 0]]
[[0.5328124761581421, 0.4046296179294586, 0.06354166567325592, 0.11296296119689941, 0.8249446153640747, 0]]
[[0.5213541388511658, 0.35462963581085205, 0.06145833432674408, 0.10185185074806213, 0.8073104619979858, 0]]
[[0.5229166746139526, 0.31111112236976624, 0.06041666492819786, 0.10740740597248077, 0.8057520389556885, 0]]
[[0.5463541746139526, 0.28796297311782837, 0.05104166641831398, 0.08703703433275223, 0.8104652166366577, 0]]
[[0.5557291507720947, 0.23055554926395416, 0.05104166641831398, 0.10925926268100739, 0.8027814626693726, 0]]
[[0.5598958134651184, 0.19907407462596893, 0.0572916679084301, 0.11296296119689941, 0.8192312717437744, 0]]
[[0.5588541626930237, 0.16944444179534912, 0.05520833283662796, 0.10555555671453476, 0.7250057458877563, 0]]
[[0.5713541507720947, 0.20092593133449554, 0.06145833432674408, 0.10185185074806213, 0.7024879455566406, 0]]
[[0.573437511920929, 0.14166666567325592, 0.05312500149011612, 0.09444444626569748, 0.6343920826911926, 0]]
[[0.5880208611488342, 0.09259258955717087, 0.05520833283662796, 0.10370370000600815, 0.8244495391845703, 0]]
[[0.5989583134651184, 0.05370370298624039, 0.0520833320915699, 0.08518518507480621, 0.8037782311439514, 0]]
[[0.614062488079071, 0.04722222313284874, 0.05104166641831398, 0.0833333358168602, 0.7815142273902893, 0]]
[[0.6130208373069763, 0.03888889029622078, 0.05312500149011612, 0.07037036865949631, 0.7800137400627136, 0]]
[]
[[0.596875011920929, 0.043518517166376114, 0.05624999850988388, 0.07592592388391495, 0.59107905626297, 0]]
[[0.5942708253860474, 0.03981481492519379, 0.0572916679084301, 0.07592592388391495, 0.5905270576477051, 0]]
[[0.5979166626930237, 0.04444444552063942, 0.06041666492819786, 0.08518518507480621, 0.31878340244293213, 0]]
[]
[]
[]
[]
[]
[]
[]
[]
[]
[]
[]
[]
[]
[]
[]
[]
[]
[]
[]
[]
[]
[]
[]
[]
[]
[]
[]
[]
[]
[]
[]
[]
[]
[]
[]
[]
[]
[]
[]
[]
[]
[]
[]
[]
[]
[]
[]
[]
[]
[]
[]
[]
[]
[]
[]
[]
[]
[]
[]
[]
[]
[]
[]
[]
[]
[]
[]
[]
[]
[]
[]
[]
[]
[]
[]
[]
[]
[]
[]
[]
[]
[]
[]
[]
[]
[]
[]
[]
[]
[]
[]
[]
[]
[]
[]
[]
[]
[]
[]
[]
[]
[]
[]
[]
[]
[]
[]
[]
[]
[]
[]
[]
[]
[]
[]
[]
[]
[]
[]
[]
[]
[]
[]
[]
[]
[]
[]
[]
[]
[]
[]
[]
[]
[]
[]
[]
[]
[]
[]
[]
[]
[]
[]
[]
[]
[]
[]
[]
[]
[]
[]
[]
[]
[]
[]
[]
[]
[]
[]
[]
[]
[]
[]
[]
[]
[]
[]
[]
[]
[]
[]
[]
[]
[]
[]
[]
[]
[]
[]
[]
[]
[]
[]
[]
[]
[]
[]
[]
[]
[]
[]
[]
[]
[]
[]
[]
[]
[]
[]
[]
[]
[]
[]
[]
[]
[]
[]
[]
[]
[]
[]
[]
[]
[]
[]
[]
[]
[]
[]
[]
[]
[]
[]
[]
[]
[]
[]
[]
[]
[]
[]
[]
[]
[]
[]
[]
[]
[]
[]
[]
[]
[]
[]
[]
[]
[]
[]
[]
[]
[]
[]
[]
[]
[]
[]
[]
[]
[]
[]
[]
[]
[]
[]
[]
[]
[]
[]
[]
[]
[]
[]
[]
[]
[]
[]
[]
[]
[]
[]
[]
[]
[]
[]
[]
[]
[]
[]
[]
[]
[]
[]
[]
[]
[]
[]
[]
[]
[]
[]
[]
[]
[]
[]
[]
[]
[]
[]
[]
[]
[]
[]
[]
[]
[]
[]
[]
[]
[]
[]
[]
[]
[]
[]
[]
[]
[]
[]
[]
[]
[]
[]
[]
[]
[]
[]
[]
[]
[]
[]
[]
[]
[]
[]
[]
[]
[]
[]
[]
[]
[]
[]
[]
[]
[]
[]
[]
[]
[]
[]
[]
[]
[]
[]
[]
[]
[]
[]
[]
[]
[]
[]
[]
[]
[]
[]
[]
[[0.4963541626930237, 0.9092592597007751, 0.04895833507180214, 0.07407407462596893, 0.2697756588459015, 0]]
[[0.49531251192092896, 0.8935185074806213, 0.05520833283662796, 0.0833333358168602, 0.6986052989959717, 0]]
[[0.49010416865348816, 0.8787037134170532, 0.05520833283662796, 0.08703703433275223, 0.7348176836967468, 0]]
[[0.4984374940395355, 0.8527777791023254, 0.05312500149011612, 0.0833333358168602, 0.7446533441543579, 0]]
[[0.6119791865348816, 0.8796296119689941, 0.05937499925494194, 0.09259258955717087, 0.710503101348877, 0], [0.5192708373069763, 0.8314814567565918, 0.05520833283662796, 0.0962962955236435, 0.8027591705322266, 0]]
[[0.6072916388511658, 0.8611111044883728, 0.05833333358168602, 0.09259258955717087, 0.7269573211669922, 0], [0.5328124761581421, 0.8101851940155029, 0.0572916679084301, 0.10185185074806213, 0.8035249710083008, 0]]
[[0.6130208373069763, 0.845370352268219, 0.0572916679084301, 0.09444444626569748, 0.7867296934127808, 0], [0.5510416626930237, 0.7962962985038757, 0.06041666492819786, 0.1111111119389534, 0.81520676612854, 0]]
[[0.6078125238418579, 0.8203703761100769, 0.06354166567325592, 0.10000000149011612, 0.5108164548873901, 0], [0.5651041865348816, 0.7851851582527161, 0.06562499701976776, 0.1111111119389534, 0.763961672782898, 0]]
[[0.6026041507720947, 0.8064814805984497, 0.06562499701976776, 0.10185185074806213, 0.650577187538147, 0], [0.5666666626930237, 0.7675926089286804, 0.0625, 0.11666666716337204, 0.6967950463294983, 0]]
[[0.6005208492279053, 0.7962962985038757, 0.06562499701976776, 0.10740740597248077, 0.6769580245018005, 0], [0.5729166865348816, 0.7416666746139526, 0.06041666492819786, 0.11296296119689941, 0.7329682111740112, 0]]
[[0.609375, 0.8074073791503906, 0.05624999850988388, 0.10740740597248077, 0.5332982540130615, 0], [0.5864583253860474, 0.7055555582046509, 0.0625, 0.10740740597248077, 0.7868457436561584, 0]]
[[0.5947916507720947, 0.6740740537643433, 0.05833333358168602, 0.10370370000600815, 0.7884605526924133, 0]]
[[0.596875011920929, 0.6490740776062012, 0.05624999850988388, 0.10925926268100739, 0.7798550724983215, 0]]
[[0.5921875238418579, 0.6175925731658936, 0.05312500149011612, 0.10555555671453476, 0.7475112080574036, 0]]
[[0.5911458134651184, 0.5981481671333313, 0.05520833283662796, 0.10370370000600815, 0.8053149580955505, 0]]
[[0.6442708373069763, 0.8416666388511658, 0.04895833507180214, 0.0833333358168602, 0.45757171511650085, 0], [0.5958333611488342, 0.5796296000480652, 0.05624999850988388, 0.10000000149011612, 0.8133271336555481, 0]]
[[0.645312488079071, 0.8324074149131775, 0.04895833507180214, 0.09444444626569748, 0.4817553162574768, 0], [0.598437488079071, 0.5657407641410828, 0.0572916679084301, 0.10555555671453476, 0.8109596967697144, 0]]
[[0.5958333611488342, 0.5490740537643433, 0.06041666492819786, 0.10555555671453476, 0.8080155253410339, 0]]
[[0.589062511920929, 0.5351851582527161, 0.05937499925494194, 0.10740740597248077, 0.8081958889961243, 0]]
[[0.5864583253860474, 0.520370364189148, 0.06041666492819786, 0.10740740597248077, 0.8269677758216858, 0]]
[[0.6442708373069763, 0.7425925731658936, 0.05312500149011612, 0.1111111119389534, 0.7455215454101562, 0], [0.5869791507720947, 0.5064814686775208, 0.05937499925494194, 0.10555555671453476, 0.8020905256271362, 0]]
[[0.5895833373069763, 0.49351853132247925, 0.05833333358168602, 0.10555555671453476, 0.8190509080886841, 0]]
[[0.5911458134651184, 0.4842592477798462, 0.0572916679084301, 0.10925926268100739, 0.8152971267700195, 0]]
[[0.589062511920929, 0.4851851761341095, 0.06145833432674408, 0.11851851642131805, 0.7993277907371521, 0]]
[[0.5843750238418579, 0.4731481373310089, 0.05833333358168602, 0.10925926268100739, 0.8086584210395813, 0]]
[[0.6390625238418579, 0.6342592835426331, 0.04895833507180214, 0.09074074029922485, 0.7649930119514465, 0], [0.5859375, 0.4574074149131775, 0.0572916679084301, 0.10000000149011612, 0.824012041091919, 0]]
[[0.6458333134651184, 0.6203703880310059, 0.05000000074505806, 0.09259258955717087, 0.7763623595237732, 0], [0.5838541388511658, 0.4481481611728668, 0.05520833283662796, 0.10370370000600815, 0.8340739011764526, 0]]
[[0.6484375, 0.6074073910713196, 0.046875, 0.08518518507480621, 0.6815138459205627, 0], [0.5640624761581421, 0.43611112236976624, 0.0572916679084301, 0.09444444626569748, 0.8373072147369385, 0]]
[[0.6520833373069763, 0.5916666388511658, 0.05000000074505806, 0.09074074029922485, 0.6748772263526917, 0], [0.5531250238418579, 0.4203703701496124, 0.05833333358168602, 0.0962962955236435, 0.786675751209259, 0]]
[[0.6494791507720947, 0.5759259462356567, 0.05312500149011612, 0.09259258955717087, 0.8072680234909058, 0], [0.5458333492279053, 0.39814814925193787, 0.05624999850988388, 0.0962962955236435, 0.8105877041816711, 0]]
[[0.5385416746139526, 0.3740740716457367, 0.05833333358168602, 0.0962962955236435, 0.8081626296043396, 0], [0.6520833373069763, 0.5583333373069763, 0.05416666716337204, 0.09814814478158951, 0.825679361820221, 0]]
[[0.5208333134651184, 0.3499999940395355, 0.0625, 0.10740740597248077, 0.8148501515388489, 0], [0.6572916507720947, 0.5462962985038757, 0.05416666716337204, 0.0962962955236435, 0.8389605283737183, 0]]
[[0.6598958373069763, 0.5342592597007751, 0.05312500149011612, 0.10185185074806213, 0.7950007915496826, 0], [0.5161458253860474, 0.32499998807907104, 0.06145833432674408, 0.10925926268100739, 0.8016808032989502, 0]]
[[0.5218750238418579, 0.31018519401550293, 0.06041666492819786, 0.10185185074806213, 0.7970228791236877, 0], [0.6583333611488342, 0.5277777910232544, 0.05416666716337204, 0.10370370000600815, 0.8251432776451111, 0]]
[[0.534375011920929, 0.28518518805503845, 0.05416666716337204, 0.09259258955717087, 0.8295580744743347, 0], [0.6557291746139526, 0.5175926089286804, 0.05520833283662796, 0.09814814478158951, 0.8363969326019287, 0]]
[[0.6588541865348816, 0.5055555701255798, 0.05520833283662796, 0.0962962955236435, 0.8310038447380066, 0], [0.5411458611488342, 0.2796296179294586, 0.05104166641831398, 0.0962962955236435, 0.83221834897995, 0]]
[[0.667187511920929, 0.49444442987442017, 0.05520833283662796, 0.10370370000600815, 0.8043258190155029, 0], [0.5427083373069763, 0.26944443583488464, 0.05624999850988388, 0.10555555671453476, 0.8262321352958679, 0]]
[[0.543749988079071, 0.23981481790542603, 0.05416666716337204, 0.10185185074806213, 0.7919855117797852, 0], [0.6661458611488342, 0.4694444537162781, 0.05312500149011612, 0.09814814478158951, 0.8002167344093323, 0]]
[[0.5531250238418579, 0.22499999403953552, 0.0520833320915699, 0.10925926268100739, 0.8274430632591248, 0], [0.6572916507720947, 0.44999998807907104, 0.05416666716337204, 0.0962962955236435, 0.841819167137146, 0]]
[[0.6588541865348816, 0.4305555522441864, 0.05312500149011612, 0.09444444626569748, 0.8256180286407471, 0], [0.5562499761581421, 0.21851852536201477, 0.0520833320915699, 0.10000000149011612, 0.8444839715957642, 0]]
[[0.5786458253860474, 0.9481481313705444, 0.04895833507180214, 0.07777778059244156, 0.34500980377197266, 0], [0.5526041388511658, 0.18981482088565826, 0.0572916679084301, 0.10925926268100739, 0.7736693620681763, 0], [0.6677083373069763, 0.4148148000240326, 0.05416666716337204, 0.0962962955236435, 0.8337013125419617, 0]]
[[0.5666666626930237, 0.9324073791503906, 0.04791666567325592, 0.07592592388391495, 0.7187002897262573, 0], [0.543749988079071, 0.17870371043682098, 0.05624999850988388, 0.09814814478158951, 0.7418718338012695, 0], [0.6697916388511658, 0.3888888955116272, 0.0520833320915699, 0.09259258955717087, 0.8268507122993469, 0]]
[[0.5364583134651184, 0.9259259104728699, 0.05000000074505806, 0.08518518507480621, 0.6804285049438477, 0], [0.5536458492279053, 0.13333334028720856, 0.05937499925494194, 0.09259258955717087, 0.7684828042984009, 0], [0.6614583134651184, 0.36944442987442017, 0.05416666716337204, 0.09074074029922485, 0.8199140429496765, 0]]
[[0.5463541746139526, 0.1101851835846901, 0.06145833432674408, 0.08703703433275223, 0.7918331623077393, 0], [0.5088541507720947, 0.9203703999519348, 0.05520833283662796, 0.08888889104127884, 0.806071400642395, 0], [0.6510416865348816, 0.35648149251937866, 0.05416666716337204, 0.09814814478158951, 0.8492860198020935, 0]]
[[0.48750001192092896, 0.8833333253860474, 0.06458333134651184, 0.09259258955717087, 0.7763736844062805, 0], [0.5270833373069763, 0.10185185074806213, 0.0625, 0.0962962955236435, 0.8098867535591125, 0], [0.653124988079071, 0.33796295523643494, 0.05416666716337204, 0.10555555671453476, 0.8382854461669922, 0]]
[[0.47708332538604736, 0.8481481671333313, 0.06458333134651184, 0.08888889104127884, 0.7887767553329468, 0], [0.5171874761581421, 0.08055555820465088, 0.06354166567325592, 0.09814814478158951, 0.8278510570526123, 0], [0.6499999761581421, 0.31018519401550293, 0.05416666716337204, 0.10555555671453476, 0.8453221321105957, 0]]
[[0.47708332538604736, 0.8138889074325562, 0.06666667014360428, 0.09814814478158951, 0.8086696267127991, 0], [0.6380208134651184, 0.2888889014720917, 0.05520833283662796, 0.10000000149011612, 0.8276504278182983, 0], [0.5062500238418579, 0.04537037014961243, 0.0520833320915699, 0.0833333358168602, 0.8284225463867188, 0]]
[[0.5244791507720947, 0.04537037014961243, 0.0572916679084301, 0.07592592388391495, 0.7988998889923096, 0], [0.4749999940395355, 0.7824074029922485, 0.06458333134651184, 0.10185185074806213, 0.8110221028327942, 0], [0.6307291388511658, 0.27129629254341125, 0.0572916679084301, 0.10925926268100739, 0.8466400504112244, 0]]
[[0.4713541567325592, 0.7722222208976746, 0.07187499850988388, 0.10370370000600815, 0.7879921197891235, 0], [0.5395833253860474, 0.03703703731298447, 0.05833333358168602, 0.07037036865949631, 0.820362389087677, 0], [0.6270833611488342, 0.2527777850627899, 0.06041666492819786, 0.12037037312984467, 0.8395592570304871, 0]]
[[0.5427083373069763, 0.043518517166376114, 0.06458333134651184, 0.07592592388391495, 0.6958271265029907, 0], [0.6192708611488342, 0.21296297013759613, 0.0572916679084301, 0.1111111119389534, 0.808850884437561, 0], [0.4651041626930237, 0.7666666507720947, 0.07187499850988388, 0.10370370000600815, 0.809198260307312, 0]]
[[0.6166666746139526, 0.19074073433876038, 0.05416666716337204, 0.10740740597248077, 0.8149784803390503, 0], [0.4593749940395355, 0.7527777552604675, 0.06875000149011612, 0.09814814478158951, 0.8206749558448792, 0]]
[[0.551562488079071, 0.8925926089286804, 0.04270833358168602, 0.07407407462596893, 0.39518997073173523, 0], [0.6192708611488342, 0.18703703582286835, 0.05104166641831398, 0.10370370000600815, 0.8001551032066345, 0], [0.4598958194255829, 0.7407407164573669, 0.0677083358168602, 0.0962962955236435, 0.8015111684799194, 0]]
[[0.543749988079071, 0.8574073910713196, 0.04791666567325592, 0.08888889104127884, 0.3749714493751526, 0], [0.6187499761581421, 0.20555555820465088, 0.05416666716337204, 0.10370370000600815, 0.777945339679718, 0], [0.46562498807907104, 0.7314814925193787, 0.06666667014360428, 0.09259258955717087, 0.8146644830703735, 0]]
[[0.5401041507720947, 0.824999988079071, 0.04895833507180214, 0.09444444626569748, 0.6028708815574646, 0], [0.6151041388511658, 0.15555556118488312, 0.05312500149011612, 0.10000000149011612, 0.7983190417289734, 0], [0.45781248807907104, 0.7222222089767456, 0.06354166567325592, 0.08148147910833359, 0.8053202629089355, 0]]
[[0.4494791626930237, 0.7212963104248047, 0.06562499701976776, 0.0833333358168602, 0.8040876388549805, 0], [0.5973958373069763, 0.17685185372829437, 0.0572916679084301, 0.10185185074806213, 0.8258227109909058, 0]]
[[0.5848958492279053, 0.1509259194135666, 0.05104166641831398, 0.10555555671453476, 0.7445521950721741, 0], [0.4463541805744171, 0.7166666388511658, 0.06562499701976776, 0.08888889104127884, 0.809681236743927, 0]]
[[0.5765625238418579, 0.7314814925193787, 0.05520833283662796, 0.08888889104127884, 0.6792848110198975, 0], [0.5916666388511658, 0.13425925374031067, 0.05416666716337204, 0.10185185074806213, 0.7557758688926697, 0], [0.44999998807907104, 0.7027778029441833, 0.0625, 0.09074074029922485, 0.8145018219947815, 0]]
[[0.5953124761581421, 0.7370370626449585, 0.06562499701976776, 0.10000000149011612, 0.5528210997581482, 0], [0.6416666507720947, 0.17592592537403107, 0.06666667014360428, 0.10370370000600815, 0.8070299625396729, 0], [0.4567708373069763, 0.6916666626930237, 0.06562499701976776, 0.09814814478158951, 0.8183669447898865, 0]]
[[0.6187499761581421, 0.760185182094574, 0.0625, 0.09814814478158951, 0.7978479862213135, 0], [0.45104166865348816, 0.6824073791503906, 0.0625, 0.09074074029922485, 0.8266924619674683, 0], [0.6635416746139526, 0.21111111342906952, 0.06666667014360428, 0.1111111119389534, 0.8713755011558533, 0]]
[[0.6312500238418579, 0.7666666507720947, 0.06458333134651184, 0.09259258955717087, 0.8097614049911499, 0], [0.4427083432674408, 0.6620370149612427, 0.06041666492819786, 0.09814814478158951, 0.8156489133834839, 0], [0.6796875, 0.21666666865348816, 0.05520833283662796, 0.0962962955236435, 0.8648387789726257, 0]]
[[0.643750011920929, 0.7657407522201538, 0.0625, 0.09074074029922485, 0.7920989394187927, 0], [0.6770833134651184, 0.19166666269302368, 0.05416666716337204, 0.09074074029922485, 0.834226131439209, 0], [0.45104166865348816, 0.6527777910232544, 0.05624999850988388, 0.09814814478158951, 0.8349795937538147, 0]]
[[0.49687498807907104, 0.675000011920929, 0.05416666716337204, 0.09074074029922485, 0.7388246655464172, 0], [0.6541666388511658, 0.14907407760620117, 0.0520833320915699, 0.10185185074806213, 0.807501494884491, 0], [0.653124988079071, 0.7944444417953491, 0.06666667014360428, 0.09259258955717087, 0.820064902305603, 0]]
[[0.6463541388511658, 0.13055555522441864, 0.05520833283662796, 0.10925926268100739, 0.755408525466919, 0], [0.5729166865348816, 0.6925926208496094, 0.05624999850988388, 0.08518518507480621, 0.7897858023643494, 0], [0.6651041507720947, 0.8407407402992249, 0.06145833432674408, 0.08518518507480621, 0.7997493743896484, 0]]
[[0.6885416507720947, 0.949999988079071, 0.0520833320915699, 0.10000000149011612, 0.6174459457397461, 0], [0.6473958492279053, 0.12037037312984467, 0.05312500149011612, 0.0962962955236435, 0.7968453764915466, 0], [0.6187499761581421, 0.720370352268219, 0.05624999850988388, 0.08888889104127884, 0.8195509314537048, 0]]
[[0.6640625, 0.12129629403352737, 0.05312500149011612, 0.09814814478158951, 0.7913028597831726, 0], [0.6557291746139526, 0.7277777791023254, 0.05937499925494194, 0.08888889104127884, 0.821204423904419, 0]]
[[0.675000011920929, 0.10462962836027145, 0.05000000074505806, 0.09444444626569748, 0.7690762877464294, 0], [0.6817708611488342, 0.720370352268219, 0.06354166567325592, 0.09259258955717087, 0.8338146209716797, 0]]
[[0.675000011920929, 0.10000000149011612, 0.05416666716337204, 0.10000000149011612, 0.34287115931510925, 0], [0.6880208253860474, 0.6990740895271301, 0.0572916679084301, 0.09814814478158951, 0.8317663073539734, 0]]
[[0.6744791865348816, 0.10185185074806213, 0.05312500149011612, 0.10000000149011612, 0.3199150562286377, 0], [0.6958333253860474, 0.6879629492759705, 0.05416666716337204, 0.09814814478158951, 0.8234022855758667, 0]]
[[0.7114583253860474, 0.6916666626930237, 0.05833333358168602, 0.09814814478158951, 0.7955166697502136, 0]]
[[0.7359374761581421, 0.6925926208496094, 0.05520833283662796, 0.08888889104127884, 0.8266710638999939, 0]]
[[0.6447916626930237, 0.13240741193294525, 0.05624999850988388, 0.09444444626569748, 0.7919930815696716, 0], [0.723437488079071, 0.6870370507240295, 0.05520833283662796, 0.10000000149011612, 0.8303889632225037, 0]]
[[0.7067708373069763, 0.6796296238899231, 0.05104166641831398, 0.0962962955236435, 0.8253802061080933, 0]]
[[0.7052083611488342, 0.644444465637207, 0.04583333432674408, 0.08518518507480621, 0.824664831161499, 0]]
[[0.6083333492279053, 0.05462963134050369, 0.05833333358168602, 0.09814814478158951, 0.31207752227783203, 0], [0.706250011920929, 0.6231481432914734, 0.0520833320915699, 0.09444444626569748, 0.8518085479736328, 0]]
[[0.6979166865348816, 0.5962963104248047, 0.05000000074505806, 0.0962962955236435, 0.8342175483703613, 0]]
[[0.589062511920929, 0.04444444552063942, 0.06145833432674408, 0.08148147910833359, 0.8213381767272949, 0], [0.6937500238418579, 0.5722222328186035, 0.0520833320915699, 0.10000000149011612, 0.8278654217720032, 0]]
[[0.59375, 0.0416666679084301, 0.06875000149011612, 0.07592592388391495, 0.40724602341651917, 0], [0.6890624761581421, 0.5601851940155029, 0.04895833507180214, 0.09814814478158951, 0.8192605376243591, 0]]
[[0.6708333492279053, 0.5601851940155029, 0.05624999850988388, 0.10185185074806213, 0.8052965402603149, 0]]
[[0.6432291865348816, 0.5666666626930237, 0.06562499701976776, 0.09259258955717087, 0.8216419816017151, 0]]
[[0.6192708611488342, 0.585185170173645, 0.05937499925494194, 0.08518518507480621, 0.7871664762496948, 0]]
[[0.5979166626930237, 0.046296294778585434, 0.07083333283662796, 0.08888889104127884, 0.7285206913948059, 0], [0.6031249761581421, 0.6083333492279053, 0.0625, 0.10555555671453476, 0.8301428556442261, 0]]
[[0.6067708134651184, 0.604629635810852, 0.06354166567325592, 0.10185185074806213, 0.8223477005958557, 0], [0.614062488079071, 0.043518517166376114, 0.07187499850988388, 0.07962962985038757, 0.8369081616401672, 0]]
[[0.6213541626930237, 0.03611111268401146, 0.06979166716337204, 0.05740740895271301, 0.5963088870048523, 0], [0.604687511920929, 0.6064814925193787, 0.06562499701976776, 0.09444444626569748, 0.8130909204483032, 0]]
[[0.6067708134651184, 0.03333333507180214, 0.078125, 0.0555555559694767, 0.4890872836112976, 0], [0.5916666388511658, 0.625, 0.06875000149011612, 0.09814814478158951, 0.8273389339447021, 0]]
[[0.604687511920929, 0.03888889029622078, 0.07395832985639572, 0.05925925821065903, 0.5778496861457825, 0], [0.5796874761581421, 0.6416666507720947, 0.06562499701976776, 0.09814814478158951, 0.8304665088653564, 0]]
[[0.5765625238418579, 0.6490740776062012, 0.06562499701976776, 0.09814814478158951, 0.8171415328979492, 0]]
[[0.6015625, 0.040740739554166794, 0.08229167014360428, 0.06666667014360428, 0.25286880135536194, 0], [0.573437511920929, 0.6555555462837219, 0.0677083358168602, 0.09259258955717087, 0.8108326196670532, 0]]
[[0.5869791507720947, 0.04259259253740311, 0.07395832985639572, 0.07407407462596893, 0.31086885929107666, 0], [0.5630208253860474, 0.6666666865348816, 0.07604166865348816, 0.10370370000600815, 0.8102361559867859, 0]]
[[0.5505208373069763, 0.6657407283782959, 0.0677083358168602, 0.09814814478158951, 0.8178321719169617, 0]]
[[0.5588541626930237, 0.654629647731781, 0.05937499925494194, 0.10555555671453476, 0.8239328265190125, 0]]
